rbm rbm with sparsity = 0, 0
maxepoch=20£¬20, 1000; 
numhid=256; numpen=256;
TimeK = 2; Layer = 2;
MAPE_train:1.002355e+01, MAPE_test:9.872810e+00
MAE_train:2.496727e+01, MAE_test:2.648628e+01
RMSE_train:3.555808e+01, RMSE_test:3.750653e+01
Total time: 2925.309000