grbm with sparsity = 0.5£¬ 0.5
maxepoch=20£¬20,200; 
numhid=256; numpen=256;
TimeK = 2; Layer = 2;
MAPE_train:8.950504e+00, MAPE_test:8.908693e+00
MAE_train:1.664977e+01, MAE_test:2.024871e+01
RMSE_train:2.389567e+01, RMSE_test:2.853127e+01
Total time: 548.883000