只归一化，不高斯预处理
grbm with sparsity = 0.5， 0.5
maxepoch=20，20,2000; 
numhid=256; numpen=256;
TimeK = 2; Layer = 2;
MAPE_train:9.043627e+00, MAPE_test:8.834891e+00
MAE_train:2.213731e+01, MAE_test:2.311826e+01
RMSE_train:3.163120e+01, RMSE_test:3.260251e+01
Total time: 5882.325000