grbm with sparsity = 0.5， 0.5
maxepoch=20，20,1000; 
numhid=256; numpen=256;
TimeK = 2; Layer = 2;
MAPE_train:6.993658e+00, MAPE_test:7.299076e+00
MAE_train:1.774032e+01, MAE_test:1.965713e+01
RMSE_train:2.612742e+01, RMSE_test:2.842287e+01
时间已过 3317.987131 秒。