grbm with sparsity = 0.5£¬ 0.5
maxepoch=20£¬20,500; 
numhid=256; numpen=256;
TimeK = 2; Layer = 2;
MAPE_train:8.368576e+00, MAPE_test:8.720132e+00
MAE_train:1.598699e+01, MAE_test:1.984645e+01
RMSE_train:2.309668e+01, RMSE_test:2.797560e+01
Total time: 1410.344000