rbm with sparsity = 0, 0
maxepoch=20£¬20, 2000; 
numhid=256; numpen=256;
TimeK = 2; Layer = 2;
MAPE_train:9.654050e+00, MAPE_test:9.556746e+00
MAE_train:2.406225e+01, MAE_test:2.566739e+01
RMSE_train:3.420824e+01, RMSE_test:3.631638e+01
Total time: 5259.911000