grbm with sparsity = 0£¬ 0
maxepoch=20£¬20,500; 
numhid=256; numpen=256;
TimeK = 2; Layer = 2;
MAPE_train:8.826703e+00, MAPE_test:9.354606e+00
MAE_train:1.646229e+01, MAE_test:2.170958e+01
RMSE_train:2.361352e+01, RMSE_test:3.085138e+01
Total time: 1345.747000