grbm rbm with sparsity = 0£¬ 0
maxepoch=20£¬20,1000; 
numhid=256; numpen=256;
TimeK = 2; Layer = 2;
MAPE_train:7.302040e+00, MAPE_test:7.767074e+00
MAE_train:1.868822e+01, MAE_test:2.153116e+01
RMSE_train:2.735708e+01, RMSE_test:3.105419e+01
Total time: 6897.087000