ts=6

layer=2, node=256, noise=0.5, epoch=1000, makebatch
MAPE_train:7.434197e+00, MAPE_test:7.485450e+00
MAE_train:1.818886e+01, MAE_test:1.980225e+01
RMSE_train:2.655780e+01, RMSE_test:2.841139e+01
Total time: 1550.151455

layer=2, node=256, noise=0.5, epoch=1000, gmakebatch
MAPE_train:6.725749e+00, MAPE_test:7.419669e+00
MAE_train:1.733613e+01, MAE_test:2.064054e+01
RMSE_train:2.522572e+01, RMSE_test:2.950826e+01
