epoch: 2000
valid_mape: 0.07419008761644363
valid_mae: 19.52782166004181
valid_rmse: 28.2880072966218

lr=0.08
epoch 2000£¬ ts=4
valid_mape: 0.0690794363617897
valid_mae: 18.991608314216137
valid_rmse: 27.687595546245575









